1 0.100313 0.124113 0.144201 0.156028
1 0.261755 0.118794 0.141066 0.152482
1 0.421630 0.113475 0.141066 0.148936
1 0.583072 0.108156 0.137931 0.145390
1 0.744514 0.104610 0.141066 0.145390
1 0.904389 0.099291 0.141066 0.148936
1 0.098746 0.283688 0.147335 0.156028
1 0.260188 0.278369 0.144201 0.159574
1 0.420063 0.273050 0.137931 0.156028
1 0.584639 0.265957 0.141066 0.148936
1 0.744514 0.262411 0.141066 0.148936
1 0.905956 0.257092 0.144201 0.159574
1 0.103448 0.439716 0.144201 0.148936
1 0.261755 0.432624 0.141066 0.148936
1 0.424765 0.429078 0.141066 0.148936
1 0.587774 0.421986 0.141066 0.148936
1 0.744514 0.421986 0.141066 0.148936
1 0.907524 0.414894 0.141066 0.148936
1 0.105016 0.595745 0.141066 0.148936
1 0.264890 0.590426 0.141066 0.159574
1 0.427900 0.581560 0.141066 0.148936
1 0.586207 0.576241 0.144201 0.159574
1 0.746082 0.570922 0.150470 0.163121
1 0.909091 0.570922 0.144201 0.156028
1 0.105016 0.748227 0.141066 0.148936
1 0.268025 0.744681 0.141066 0.148936
1 0.427900 0.734043 0.141066 0.148936
1 0.587774 0.730496 0.141066 0.148936
1 0.750784 0.726950 0.141066 0.148936
1 0.910658 0.725177 0.147335 0.152482
1 0.105016 0.900709 0.141066 0.148936
1 0.269592 0.900709 0.144201 0.148936
1 0.431034 0.890071 0.141066 0.156028
1 0.592476 0.884752 0.144201 0.159574
1 0.749216 0.884752 0.144201 0.152482
1 0.913793 0.884752 0.141066 0.152482
